256
-4225 -17
-4224 -16
-4097 -16
-4096 -16
-4095 -16
-3969 -16
-3968 -15
-3967 -15
-3969 -16
-3968 -15
-3841 -15
-3840 -15
-3839 -15
-3713 -15
-3712 -14
-3711 -14
-3713 -15
-3712 -14
-3585 -14
-3584 -14
-3583 -14
-3457 -14
-3456 -13
-3455 -13
-3457 -14
-3456 -13
-3329 -13
-3328 -13
-3327 -13
-3201 -13
-3200 -12
-3199 -12
-3201 -13
-3200 -12
-3073 -12
-3072 -12
-3071 -12
-2945 -12
-2944 -11
-2943 -11
-2945 -12
-2944 -11
-2817 -11
-2816 -11
-2815 -11
-2689 -11
-2688 -10
-2687 -10
-2689 -11
-2688 -10
-2561 -10
-2560 -10
-2559 -10
-2433 -10
-2432 -9
-2431 -9
-2433 -10
-2432 -9
-2305 -9
-2304 -9
-2303 -9
-2177 -9
-2176 -8
-2175 -8
-2177 -9
-2176 -8
-2049 -8
-2048 -8
-2047 -8
-1921 -8
-1920 -7
-1919 -7
-1921 -8
-1920 -7
-1793 -7
-1792 -7
-1791 -7
-1665 -7
-1664 -6
-1663 -6
-1665 -7
-1664 -6
-1537 -6
-1536 -6
-1535 -6
-1409 -6
-1408 -5
-1407 -5
-1409 -6
-1408 -5
-1281 -5
-1280 -5
-1279 -5
-1153 -5
-1152 -4
-1151 -4
-1153 -5
-1152 -4
-1025 -4
-1024 -4
-1023 -4
-897 -4
-896 -3
-895 -3
-897 -4
-896 -3
-769 -3
-768 -3
-767 -3
-641 -3
-640 -2
-639 -2
-641 -3
-640 -2
-513 -2
-512 -2
-511 -2
-385 -2
-384 -1
-383 -1
-385 -2
-384 -1
-257 -1
-256 -1
-255 -1
-129 -1
-128 0
-127 0
-129 -1
-128 0
-1 0
0 0
1 0
127 0
128 1
129 1
127 0
128 1
255 1
256 1
257 1
383 1
384 2
385 2
383 1
384 2
511 2
512 2
513 2
639 2
640 3
641 3
639 2
640 3
767 3
768 3
769 3
895 3
896 4
897 4
895 3
896 4
1023 4
1024 4
1025 4
1151 4
1152 5
1153 5
1151 4
1152 5
1279 5
1280 5
1281 5
1407 5
1408 6
1409 6
1407 5
1408 6
1535 6
1536 6
1537 6
1663 6
1664 7
1665 7
1663 6
1664 7
1791 7
1792 7
1793 7
1919 7
1920 8
1921 8
1919 7
1920 8
2047 8
2048 8
2049 8
2175 8
2176 9
2177 9
2175 8
2176 9
2303 9
2304 9
2305 9
2431 9
2432 10
2433 10
2431 9
2432 10
2559 10
2560 10
2561 10
2687 10
2688 11
2689 11
2687 10
2688 11
2815 11
2816 11
2817 11
2943 11
2944 12
2945 12
2943 11
2944 12
3071 12
3072 12
3073 12
3199 12
3200 13
3201 13
3199 12
3200 13
3327 13
3328 13
3329 13
3455 13
3456 14
3457 14
3455 13
3456 14
3583 14
3584 14
3585 14
3711 14
3712 15
3713 15
3711 14
3712 15
3839 15
3840 15
3841 15
3967 15
3968 16
3969 16
