0
0
0
0
0
0
0
0
0
0
0
0
0
0
0
0
0
0
0
0
0
0
0
0
0
0
0
0
0
0
0
0
0
0
0
0
0
0
0
0
0
0
0
0
0
0
0
0
0
0
0
0
0
0
0
0
0
0
0
0
0
0
0
0
0
0
0
0
1
1
2
2
2
3
3
4
4
4
4
4
3
4
4
4
4
4
3
3
2
2
2
1
1
0
0
0
0
0
0
0
0
-1
-1
-1
0
-1
0
-1
0
0
1
0
1
0
1
0
2
1
2
2
2
3
3
3
4
4
4
4
1
7
0
7
0
7
-1
6
-2
5
-3
4
-4
3
-4
3
-4
3
-4
3
-4
3
-5
3
-4
2
-4
3
-4
3
-4
3
-4
3
-4
3
-4
3
-4
3
-4
3
-4
3
-4
3
-4
3
-4
3
-4
3
-4
3
-4
3
-4
3
-4
3
-4
3
-4
3
-4
3
-4
3
-4
3
-4
3
-4
3
-4
3
-4
3
-4
3
-4
3
-4
3
-3
4
-3
5
-3
6
-2
6
-2
6
-2
6
-2
5
-3
5
-4
2
-7
-1
-10
-6
-16
-11
-21
-17
-26
-23
-28
-30
-32
-35
-36
-38
-39
-40
-40
-41
-40
-40
-38
-38
-36
-35
-33
-33
-31
-31
-29
-29
-26
-26
-24
-23
-21
-20
-19
-18
-18
-17
-16
-15
-14
-13
-12
-11
-10
-9
-8
-7
-6
-5
-4
-3
-2
-1
0
1
2
3
4
5
6
7
8
9
10
11
12
13
14
15
16
17
18
18
20
22
24
25
26
26
27
27
28
29
30
31
33
34
36
37
37
36
34
33
32
32
32
34
33
31
30
29
30
30
24
23
18
18
16
15
15
14
6
7
-1
-5
-3
-12
-15
-20
-21
-24
-22
-21
-20
-16
-17
-14
-15
-7
-8
-7
-5
-1
1
7
9
9
11
15
9
14
14
13
18
17
20
26
26
28
27
27
32
24
28
27
26
29
23
23
27
21
22
16
12
9
4
7
-2
5
3
-1
1
1
2
7
1
2
0
4
5
8
13
20
20
25
25
25
31
26
27
24
22
19
18
15
12
10
2
-7
-10
-19
-25
-31
-32
-38
-39
-41
-41
-39
-43
-38
-42
-37
-36
-29
-25
-21
-16
-8
-6
0
2
7
8
11
11
14
15
17
21
23
19
16
15
9
8
3
3
-2
-4
-9
-5
-7
-3
-6
-1
-3
-4
-6
-5
-3
-6
-6
-3
-8
-7
-11
-7
-11
-12
-18
-21
-23
-22
-24
-28
-27
-25
-26
-26
-24
-20
-19
-19
-20
-14
-10
