64
0
0
0
0
0
0
0
0
0
0
0
0
0
0
0
0
0
0
0
0
0
0
0
0
0
0
0
0
0
0
0
0
0
0
0
0
0
0
0
0
0
0
0
0
0
0
0
127
-128
127
-128
127
-128
127
-128
127
-128
127
-128
127
-128
127
-128
127
-128
127
-128
127
-128
127
-128
127
-128
127
-128
127
-128
127
-128
127
-128
127
-128
127
-128
127
-128
127
-128
127
-128
127
-128
127
-128
127
-128
127
-128
127
-128
127
-128
127
-128
127
-128
127
-128
127
-128
127
-128
127
-128
127
-128
127
-128
127
-128
127
-128
127
-128
127
-128
127
-128
127
-128
127
-128
127
-128
127
-128
127
-128
127
-128
127
-128
127
-128
127
-128
127
-128
127
-128
127
-128
127
-128
127
-128
127
-128
-48
-47
-46
-45
-44
-43
-42
-41
-40
-39
-38
-37
-36
-35
-34
-33
-32
-31
-30
-29
-28
-27
-26
-25
-24
-23
-22
-21
-20
-19
-18
-17
-16
-15
-14
-13
-12
-11
-10
-9
-8
-7
-6
-5
-4
-3
-2
-1
0
1
2
3
4
5
6
7
8
9
10
11
12
13
14
15
16
17
18
19
20
21
22
23
24
25
26
27
28
29
30
31
32
33
34
35
36
37
38
39
40
41
42
43
44
45
46
47
-60
-96
2
-68
125
102
113
66
-21
-80
121
-114
71
93
-127
100
8
-11
-76
34
-113
-117
-115
-124
67
-18
88
-114
-15
96
125
-9
48
-10
-16
107
20
-117
85
-77
-33
23
-67
42
88
-31
27
17
127
73
-111
117
-4
78
84
-40
59
63
-84
96
-73
-45
73
61
122
-113
112
-106
29
73
-41
-42
-12
-122
-26
-10
79
48
52
107
9
-126
68
-62
-23
90
-100
118
58
-26
83
120
54
84
49
-128
41
106
-114
-11
-38
-36
-82
2
-112
-92
-86
-120
103
-121
15
-1
9
-72
-34
48
20
-93
-43
-47
2
-42
11
22
104
36
126
114
-70
-116
31
69
47
87
-32
4
-73
1
-21
93
-118
-13
-119
75
-54
-110
-46
100
90
-16
102
-14
-113
74
36
90
-98
24
-64
-20
-104
28
-92
-89
30
24
-47
85
1
-62
-124
-109
-17
107
-41
-109
65
-26
49
-78
-23
93
-29
124
-75
71
23
127
-120
38
77
16
-119
-48
-26
39
-59
45
91
-19
8
-79
66
48
120
-8
-95
-108
-85
-60
-42
-43
-19
9
42
2
60
45
46
-70
21
-8
122
-59
-75
36
-108
80
-91
66
-53
-64
46
-70
65
-89
-14
-87
8
58
23
-70
106
13
-73
-105
23
-122
-121
-82
83
-70
-108
-32
-6
87
